8.000000
10.000000
6.000000
4.000000
6.000000
5.000000
2.000000
6.000000
6.000000
3.000000
10.000000
7.000000
1.000000
6.000000
10.000000
9.000000
3.000000
3.000000
7.000000
4.000000
6.000000
2.000000
4.000000
7.000000
5.000000
2.000000
1.000000
3.000000
2.000000
7.000000
10.000000
8.000000
3.000000
8.000000
10.000000
7.000000
10.000000
4.000000
2.000000
5.000000
5.000000
7.009519
6.220369
5.428098
5.550132
5.084862
4.396424
5.330491
5.530834
5.251592
6.844408
6.087314
4.643030
5.953452
7.269844
6.832318
4.972053
4.629689
5.410361
4.828348
4.918150
3.987881
4.456155
5.188878
4.522451
3.395893
2.978245
3.574987
4.085754
6.013604
7.309050
6.888600
5.825509
7.106238
7.871761
7.342445
7.547753
6.015794
6.136796
10.000000
6.000000
6.817682
6.443912
5.941814
5.687672
5.392768
5.170496
5.394534
5.541450
5.630913
6.038961
5.861570
5.531623
5.900660
6.293897
6.087083
5.426513
5.136037
5.183726
4.984570
4.856687
4.576914
4.648171
4.776609
4.505328
4.082597
3.942373
4.235696
4.754667
5.659393
6.334201
6.419659
6.307364
6.727543
7.038483
6.950170
6.832848
6.378580
6.531413
8.000000
10.000000
7.817349
6.795678
6.207732
5.865773
5.628296
5.497963
5.536049
5.609136
5.692083
5.818496
5.788886
5.720711
5.824227
5.917433
5.796204
5.510278
5.304845
5.203318
5.070156
4.946497
4.815543
4.782403
4.764663
4.639081
4.487363
4.472425
4.671272
5.037353
5.535549
5.948299
6.148844
6.256424
6.458371
6.604224
6.587098
6.454745
6.134362
5.610229
4.000000
10.000000
7.655960
6.713879
6.227432
5.939702
5.756308
5.657463
5.642054
5.667547
5.709157
5.754752
5.754036
5.738905
5.757289
5.756274
5.669147
5.514469
5.368835
5.255489
5.145312
5.044549
4.955442
4.902159
4.859680
4.799847
4.754523
4.789500
4.938867
5.188644
5.496498
5.775218
5.970451
6.111611
6.244876
6.333303
6.338971
6.264893
6.093750
5.775216
5.000000
5.000000
6.092717
6.176240
6.048726
5.908895
5.800276
5.732943
5.707844
5.709088
5.723097
5.736416
5.734594
5.722555
5.710856
5.680103
5.610828
5.508429
5.401776
5.303271
5.212310
5.129722
5.060760
5.009920
4.973245
4.944971
4.942500
4.991142
5.107066
5.280928
5.487467
5.684832
5.846865
5.974055
6.076785
6.144676
6.170974
6.171821
6.200724
6.396791
7.000000
4.000000
5.538542
5.849897
5.881963
5.847383
5.802346
5.766934
5.746459
5.738822
5.736698
5.734369
5.724169
5.707168
5.682142
5.643879
5.584199
5.508149
5.425074
5.345056
5.269418
5.202819
5.146456
5.105028
5.076965
5.065730
5.078012
5.126827
5.216100
5.341714
5.486543
5.630781
5.757235
5.861768
5.942850
5.998231
6.027963
6.051052
6.140300
6.611343
9.000000
9.000000
6.211706
5.802547
5.782299
5.795741
5.795534
5.785127
5.773248
5.761933
5.751757
5.738865
5.722002
5.698298
5.668287
5.627424
5.575682
5.513151
5.447131
5.380670
5.319332
5.263887
5.219039
5.185021
5.165611
5.161309
5.178634
5.220523
5.290283
5.381922
5.487507
5.593353
5.690603
5.771997
5.835449
5.876752
5.892162
5.863708
5.698368
4.908141
1.000000
1.000000
4.505564
5.366636
5.648436
5.758441
5.798086
5.805805
5.798336
5.785213
5.768126
5.748894
5.725042
5.697512
5.663463
5.623790
5.576000
5.523695
5.467590
5.413274
5.361283
5.316473
5.278746
5.252470
5.237180
5.237219
5.252850
5.288153
5.340916
5.409793
5.486752
5.565893
5.638617
5.701271
5.749262
5.781973
5.799589
5.813740
5.881002
6.323017
9.000000
7.000000
5.444111
5.509612
5.686956
5.790740
5.833528
5.840561
5.830386
5.811025
5.788258
5.761829
5.733644
5.701297
5.666359
5.626145
5.583085
5.535787
5.488610
5.441236
5.398436
5.359655
5.329360
5.306670
5.295687
5.295389
5.309518
5.336341
5.377359
5.427817
5.485495
5.543344
5.598098
5.643997
5.679432
5.701403
5.711212
5.710123
5.689252
5.502746
4.000000
2.000000
4.761055
5.541181
5.798402
5.884895
5.903687
5.893782
5.870212
5.841864
5.810309
5.778461
5.744376
5.709878
5.672270
5.633757
5.591979
5.550309
5.507293
5.467247
5.429003
5.396976
5.369830
5.351724
5.341067
5.341563
5.351203
5.372577
5.402290
5.440617
5.482258
5.525592
5.564931
5.598554
5.621908
5.633996
5.632948
5.626896
5.662738
5.998920
8.000000
6.000000
6.059164
6.095194
6.081283
6.045837
6.003700
5.959332
5.916387
5.874189
5.834596
5.795270
5.757785
5.719229
5.681605
5.642075
5.603472
5.563469
5.525829
5.488673
5.456215
5.426628
5.404092
5.386611
5.378019
5.376011
5.383703
5.398096
5.420918
5.447983
5.479347
5.510029
5.539156
5.561928
5.576943
5.578663
5.560564
5.501129
5.336327
4.829979
3.000000
9.000000
7.380158
6.699657
6.384959
6.214473
6.104734
6.024927
5.960169
5.905805
5.856577
5.812505
5.769894
5.730223
5.690207
5.652281
5.613527
5.577248
5.540921
5.508466
5.477553
5.452299
5.430330
5.415600
5.405533
5.403600
5.406831
5.417806
5.432878
5.453383
5.475004
5.498008
5.517981
5.534657
5.543917
5.544318
5.528597
5.481443
5.350996
4.984908
4.000000
10.000000
7.762082
6.937789
6.545230
6.321321
6.177154
6.073950
5.995351
5.930320
5.875623
5.825927
5.781647
5.738889
5.699595
5.660394
5.624198
5.587983
5.555362
5.523540
5.496502
5.471505
5.452560
5.436824
5.428022
5.423079
5.425125
5.430703
5.442045
5.455248
5.471581
5.486956
5.502013
5.513146
5.521226
5.524883
5.529065
5.544310
5.601814
5.758409
6.000000
5.000000
6.730103
6.744757
6.536023
6.349551
6.207255
6.100011
6.015122
5.946619
5.887388
5.836468
5.789224
5.746972
5.705937
5.668651
5.631716
5.598457
5.565697
5.537255
5.510052
5.488089
5.468263
5.454461
5.443456
5.438749
5.436898
5.440764
5.446640
5.456594
5.466749
5.478449
5.488004
5.496477
5.501445
5.506229
5.517440
5.565716
5.753020
6.447180
9.000000
10.000000
7.413869
6.774534
6.505440
6.332460
6.203753
6.102043
6.020478
5.951490
5.893278
5.840751
5.794647
5.750904
5.711688
5.673350
5.638950
5.605038
5.575252
5.546243
5.521952
5.499042
5.481488
5.465893
5.456009
5.448326
5.446150
5.445832
5.450057
5.455081
5.462903
5.469820
5.477178
5.481491
5.483467
5.479816
5.469853
5.447283
5.397925
5.277021
5.000000
4.000000
6.150539
6.434683
6.377847
6.272310
6.171789
6.085706
6.011266
5.947872
5.891022
5.841349
5.794842
5.753423
5.713369
5.677515
5.642268
5.611092
5.580456
5.554213
5.528844
5.508347
5.489171
5.475229
5.462911
5.455830
5.450315
5.449519
5.449748
5.453588
5.457408
5.463153
5.467277
5.470773
5.469481
5.461126
5.433760
5.356498
5.113813
4.263268
1.000000
8.000000
6.753919
6.435197
6.299898
6.205928
6.126929
6.055947
5.993103
5.935416
5.884180
5.836035
5.792967
5.751454
5.714210
5.677660
5.645123
5.612996
5.585031
5.557599
5.534681
5.512613
5.495394
5.479318
5.468206
5.458325
5.453162
5.449009
5.448912
5.449288
5.452677
5.455698
5.460235
5.462909
5.464281
5.460032
5.448736
5.430273
5.438156
5.661946
7.000000
7.000000
6.429624
6.252933
6.179683
6.125846
6.072517
6.019909
5.967697
5.918907
5.871667
5.828517
5.786530
5.748480
5.711012
5.677359
5.643974
5.614513
5.585326
5.560350
5.535868
5.515915
5.496718
5.482231
5.468654
5.459702
5.451613
5.447761
5.444535
5.444929
5.445635
5.449247
5.452832
5.458371
5.462988
5.467464
5.469711
5.478605
5.546000
5.946665
8.000000
5.000000
5.711973
5.966589
6.041028
6.043998
6.018976
5.981635
5.941038
5.898472
5.857745
5.816993
5.779278
5.741696
5.707473
5.673262
5.642635
5.612022
5.585300
5.558771
5.536472
5.514617
5.497234
5.480485
5.468234
5.456657
5.449343
5.442604
5.439725
5.437336
5.438471
5.440330
5.445785
5.452752
5.463617
5.475660
5.485252
5.467544
5.321185
4.578416
1.000000
4.000000
5.451357
5.861079
5.972887
5.991436
5.976191
5.948516
5.914216
5.878649
5.841213
5.805364
5.768826
5.734881
5.700510
5.669219
5.637613
5.609492
5.581259
5.556922
5.532752
5.512812
5.493280
5.478110
5.463448
5.453019
5.443044
5.436974
5.431292
5.429233
5.427849
5.430387
5.434957
5.445302
5.461318
5.487818
5.526902
5.586055
5.692179
6.046121
8.000000
7.000000
6.232706
6.052841
5.998986
5.971404
5.947440
5.920168
5.890844
5.858303
5.825794
5.791565
5.758921
5.725244
5.693965
5.661938
5.632864
5.603314
5.577239
5.551039
5.528780
5.506728
5.488895
5.471452
5.458213
5.445343
5.436381
5.427651
5.422444
5.417515
5.416106
5.415903
5.420679
5.430164
5.450329
5.485917
5.549702
5.656698
5.815971
5.913589
5.000000
7.000000
6.426304
6.119247
5.997860
5.949042
5.920440
5.895760
5.868571
5.840360
5.809475
5.779091
5.747002
5.716517
5.684774
5.655322
5.624944
5.597488
5.569544
5.545151
5.520743
5.500368
5.480307
5.464435
5.448938
5.437408
5.426054
5.418168
5.410207
5.405272
5.400442
5.398996
5.399435
5.406399
5.422178
5.457322
5.528109
5.675978
6.000819
6.792570
9.000000
8.000000
6.353587
5.999355
5.925127
5.905220
5.891094
5.872042
5.849462
5.822744
5.795305
5.765518
5.736560
5.705859
5.676725
5.646146
5.617791
5.588464
5.562140
5.535487
5.512575
5.489895
5.471383
5.453341
5.439409
5.425779
5.415731
5.405518
5.398094
5.390036
5.384141
5.377741
5.373950
5.371841
5.376422
5.391636
5.430629
5.517407
5.719360
6.255577
8.000000
3.000000
4.988380
5.600090
5.797152
5.856866
5.865167
5.853679
5.832440
5.808207
5.780947
5.753933
5.724913
5.696838
5.666834
5.638250
5.608078
5.580142
5.551387
5.525889
5.500444
5.479068
5.458301
5.441857
5.426026
5.414101
5.402251
5.393334
5.383602
5.375538
5.365717
5.356349
5.344598
5.332580
5.318348
5.303626
5.284221
5.244544
5.103060
4.510676
2.000000
3.000000
5.000154
5.614870
5.807444
5.858738
5.860533
5.843328
5.820456
5.794459
5.768870
5.741677
5.715261
5.686701
5.658801
5.628612
5.599651
5.569118
5.541045
5.512619
5.487966
5.464007
5.444578
5.426222
5.412281
5.398989
5.389153
5.378872
5.370447
5.360043
5.349462
5.334991
5.317692
5.293646
5.262442
5.218919
5.159225
5.072649
4.938236
4.683785
4.000000
8.000000
6.397075
6.052387
5.958149
5.911285
5.873479
5.840366
5.809668
5.782520
5.756013
5.731296
5.704976
5.678920
5.649965
5.621042
5.589475
5.559120
5.527595
5.499160
5.471280
5.448005
5.426311
5.409672
5.394545
5.383745
5.373373
5.365616
5.356436
5.347452
5.334622
5.318787
5.295479
5.263740
5.217271
5.151752
5.060032
4.949424
4.892905
5.286507
8.000000
7.000000
6.536046
6.238897
6.062329
5.953675
5.883126
5.833379
5.797223
5.767866
5.743708
5.720035
5.697154
5.671217
5.644131
5.613034
5.581346
5.547031
5.514456
5.481791
5.453440
5.427063
5.406400
5.388333
5.375765
5.364963
5.358051
5.350917
5.345015
5.336154
5.325217
5.307880
5.283715
5.246812
5.192708
5.109506
4.980785
4.771332
4.397988
3.569075
1.000000
6.000000
6.507946
6.305368
6.097807
5.959031
5.870679
5.814367
5.776222
5.750033
5.728745
5.710398
5.689858
5.667409
5.639493
5.608621
5.572817
5.536378
5.498252
5.463373
5.430425
5.403678
5.380729
5.364688
5.352172
5.345321
5.340101
5.337777
5.333969
5.329419
5.319957
5.305921
5.282818
5.248788
5.195799
5.114026
4.981287
4.757890
4.358142
3.592061
2.000000
10.000000
7.190625
6.376325
6.065260
5.912979
5.827437
5.775749
5.744960
5.725443
5.712935
5.700732
5.686912
5.666543
5.640528
5.606378
5.567844
5.524490
5.481846
5.440023
5.404295
5.373491
5.351201
5.334583
5.325852
5.321262
5.322003
5.323554
5.326160
5.325309
5.321447
5.311079
5.294652
5.268159
5.229066
5.168368
5.073396
4.920101
4.685108
4.440793
5.000000
5.000000
5.877997
5.944520
5.873239
5.801124
5.749209
5.717605
5.700887
5.695613
5.694916
5.694804
5.688296
5.673731
5.647228
5.611152
5.565036
5.514679
5.461851
5.413440
5.370435
5.337656
5.313226
5.299391
5.292721
5.294529
5.300597
5.310725
5.319540
5.326390
5.327467
5.324156
5.314910
5.301625
5.282673
5.258075
5.222965
5.164676
5.020962
4.486227
2.000000
4.000000
5.377062
5.650094
5.682704
5.668228
5.651737
5.643340
5.646822
5.659618
5.678106
5.693368
5.699826
5.690696
5.665826
5.623603
5.568967
5.504839
5.440046
5.378882
5.328990
5.290900
5.267271
5.254520
5.253628
5.261152
5.277486
5.297011
5.317022
5.331285
5.339738
5.341500
5.340753
5.339416
5.343119
5.357312
5.396525
5.494080
5.748245
6.482952
9.000000
8.000000
5.979964
5.596484
5.538679
5.538127
5.545228
5.558340
5.582158
5.619405
5.662933
5.702503
5.725097
5.725409
5.699718
5.650659
5.580181
5.497984
5.412308
5.335438
5.273406
5.232072
5.208125
5.200122
5.203893
5.221177
5.249101
5.284850
5.318363
5.343808
5.357052
5.362900
5.365819
5.373412
5.392020
5.432442
5.511025
5.667428
5.994624
6.697522
8.000000
4.000000
4.946486
5.216855
5.337929
5.399692
5.433569
5.461640
5.505237
5.571630
5.653166
5.727079
5.774332
5.784382
5.758854
5.697230
5.605129
5.492593
5.377864
5.275082
5.199257
5.153780
5.135142
5.131926
5.142674
5.168640
5.214790
5.273154
5.329493
5.366955
5.383264
5.385885
5.387459
5.395310
5.420070
5.468617
5.548360
5.669501
5.865633
6.312349
8.000000
4.000000
4.588976
4.986828
5.196042
5.289748
5.326986
5.350301
5.404524
5.509855
5.649791
5.779682
5.859341
5.880486
5.852494
5.775975
5.648800
5.491191
5.329689
5.189616
5.092949
5.050497
5.044948
5.051570
5.064517
5.097629
5.166654
5.265062
5.358039
5.412662
5.421887
5.411115
5.401762
5.401265
5.423514
5.474303
5.543741
5.597012
5.485776
4.686385
1.000000
3.000000
4.422718
4.945187
5.170048
5.235776
5.234957
5.207322
5.253563
5.412533
5.657524
5.881393
6.004100
6.024448
5.996038
5.903976
5.724385
5.492203
5.261625
5.059222
4.933991
4.908790
4.944127
4.963405
4.967682
4.989295
5.090527
5.261101
5.426201
5.502608
5.481610
5.433939
5.408123
5.383680
5.399124
5.460760
5.555770
5.688678
5.794316
5.947296
7.000000
6.000000
5.156606
5.201364
5.302882
5.248763
5.169244
4.991073
4.989195
5.229969
5.685541
6.085196
6.250242
6.218228
6.202148
6.120663
5.851395
5.492835
5.164172
4.852915
4.673771
4.707803
4.858146
4.891471
4.852336
4.802510
4.943960
5.263690
5.582060
5.690916
5.567139
5.435725
5.412390
5.326865
5.327987
5.414322
5.529522
5.807905
6.055325
6.308580
6.000000
4.000000
5.002423
5.400626
5.591590
5.286844
5.202570
4.598086
4.482700
4.832033
5.770122
6.522922
6.694198
6.395294
6.474502
6.524279
6.068598
5.462668
5.050253
4.513568
4.201329
4.389576
4.890126
4.891091
4.748588
4.423588
4.619964
5.266845
5.948203
6.111151
5.660976
5.328830
5.479407
5.182916
5.172069
5.338664
5.340385
5.957878
6.310647
7.231626
9.000000
7.000000
5.452408
5.807234
6.375852
5.104663
5.755853
3.716307
3.511141
3.845734
6.039570
7.542641
7.607842
6.194784
6.775736
7.433940
6.435460
5.239605
5.059988
3.950411
3.227776
3.759685
5.421074
5.034803
4.826742
3.523882
3.844907
5.236068
6.832252
7.144996
5.636343
4.739625
5.993125
4.753658
4.838426
5.428123
4.535283
6.372724
5.997662
7.307328
6.000000
8.000000
4.000000
6.000000
9.000000
3.000000
9.000000
1.000000
2.000000
1.000000
7.000000
10.000000
10.000000
4.000000
7.000000
10.000000
7.000000
4.000000
6.000000
3.000000
1.000000
2.000000
8.000000
5.000000
6.000000
1.000000
2.000000
5.000000
9.000000
10.000000
5.000000
2.000000
9.000000
3.000000
4.000000
7.000000
1.000000
9.000000
4.000000
10.000000
8.000000
